# Parameters used for the DP-reference model
dp_rm:

  a1: 1
  a2: -1.990024937655860
  a3: 0.990049813123053

  b1: 6.218866798092052e-06
  b2: 1.243773359618410e-05
  b3: 6.218866798092052e-06