/**:
  ros__parameters:
    Kp_x: -80.0
    Kp_y: -90.0
    Kp_z: 120.0
    Kp_roll: 35.0
    Kp_pitch: 35.0
    Kp_yaw: 60.0
    Ki_x: 0.00000006
    Ki_y: 0.00000006
    Ki_z: 0.2
    Ki_roll: 0.35
    Ki_pitch: 0.35
    Ki_yaw: 0.005
    Kd_x: 235.0
    Kd_y: 240.0
    Kd_z: 135.0
    Kd_roll: 135.0
    Kd_pitch: 135.0
    Kd_yaw: 125.0
